      0/99     7.39G   0.05387   0.01299   0.01255   0.07942        15       640    0.3296    0.4662    0.3683   0.08736   0.06693     0.012  0.009782
      1/99      7.4G   0.04208  0.008843  0.008345   0.05927        10       640    0.4254    0.2675    0.2547   0.07543   0.07531   0.01124   0.00987
      2/99      7.4G   0.04195  0.008702   0.00759   0.05824        14       640    0.6787    0.2791    0.3859    0.1188   0.07603   0.01138   0.01034
      3/99      7.4G    0.0429  0.009074  0.008736   0.06071         9       640    0.2279    0.3398    0.1933   0.05876   0.07957   0.01213  0.009448
      4/99      7.4G    0.0482  0.009707  0.009891    0.0678         8       640   0.08521    0.2094   0.03785   0.00907   0.08445    0.0146   0.03953
      5/99      7.4G   0.04659  0.009215   0.00926   0.06506         5       640     0.355    0.2483     0.209   0.07599   0.07651   0.01253   0.01084
      6/99      7.4G   0.04411  0.008868  0.008675   0.06166         6       640    0.7183    0.5532    0.5901    0.2446   0.07066   0.01106  0.007332
      7/99      7.4G   0.04294  0.008527  0.006893   0.05836         7       640     0.678    0.5886    0.6245    0.2611   0.06951   0.01087  0.007328
      8/99      7.4G   0.04288  0.008564  0.006599   0.05804         7       640    0.7475    0.6378    0.6509    0.2791   0.06584   0.01155   0.00675
      9/99      7.4G   0.04186  0.008638  0.006386   0.05688        18       640    0.7677    0.6727     0.705     0.322   0.06458   0.01144  0.006542
     10/99      7.4G   0.04072   0.00858  0.006166   0.05547        14       640    0.7394    0.6205    0.6609    0.2809   0.06359   0.01189  0.006208
     11/99      7.4G   0.04189  0.008402  0.006104    0.0564        24       640    0.7689     0.681    0.7298    0.3202   0.06255   0.01168  0.005843
     12/99      7.4G   0.04198   0.00859  0.006303   0.05687        10       640    0.8012    0.6819    0.7258    0.3107   0.06142   0.01194  0.006104
     13/99      7.4G    0.0413  0.008633  0.006337   0.05628        13       640    0.7931    0.6833    0.7279    0.3141   0.06153   0.01185  0.006037
     14/99      7.4G   0.03912  0.008606  0.005873    0.0536        16       640    0.8245    0.6742     0.745    0.3302   0.05545   0.01217  0.005929
     15/99      7.4G    0.0402  0.008697  0.005868   0.05477        15       640    0.7872    0.7143    0.7623    0.3343   0.05455   0.01231  0.005641
     16/99      7.4G   0.03793  0.008665  0.005745   0.05234        15       640    0.8033    0.7079    0.7477    0.3405   0.05538   0.01165  0.005425
     17/99      7.4G   0.03653  0.008401  0.005027   0.04996        10       640    0.8388    0.7395    0.7921    0.3593   0.05621   0.01131  0.005464
     18/99      7.4G   0.03755  0.008313  0.005087   0.05095        21       640    0.8314    0.7408    0.7981    0.3493   0.05527   0.01137  0.005928
     19/99      7.4G   0.03734  0.008323  0.005104   0.05077        18       640    0.8142    0.7381    0.7864    0.3332   0.05511   0.01134  0.006143
     20/99      7.4G   0.03598  0.008318   0.00467   0.04896        12       640    0.7819    0.7855    0.7946    0.3429     0.054   0.01143  0.005667
     21/99      7.4G   0.03406   0.00795  0.004326   0.04634         6       640    0.8336    0.7902    0.8054    0.3614   0.05243   0.01153  0.005866
     22/99      7.4G   0.03324  0.007803   0.00447   0.04551         9       640    0.8454    0.7747    0.8092    0.3535    0.0531   0.01162  0.005922
     23/99      7.4G   0.03567   0.00817  0.004331   0.04817        18       640    0.8104    0.7964    0.8288    0.3587   0.05414   0.01128  0.005337
     24/99      7.4G   0.03441  0.008069  0.004446   0.04692        14       640     0.816    0.8068    0.8232    0.3663   0.05243   0.01164  0.004804
     25/99      7.4G   0.03649   0.00795  0.004489   0.04893        14       640    0.8851    0.7706    0.8395    0.3847   0.05131   0.01176  0.005168
     26/99      7.4G   0.03397  0.007895  0.003875   0.04574        12       640    0.8795    0.7754    0.8226    0.3733   0.05329   0.01165  0.004947
     27/99      7.4G   0.03501  0.007791  0.004024   0.04683        14       640    0.8723    0.7863    0.8195    0.3741   0.05399   0.01168  0.005037
     28/99      7.4G   0.03494   0.00783  0.004213   0.04698        15       640    0.8593     0.793    0.8351    0.3824   0.05346   0.01126   0.00489
     29/99      7.4G   0.03322  0.007942  0.004087   0.04525         8       640    0.8691    0.8054    0.8347    0.3689   0.05315   0.01147   0.00478
     30/99      7.4G   0.03293  0.007845  0.004202   0.04498        13       640    0.8082    0.8129    0.8281    0.3618   0.05252   0.01159  0.005304
     31/99      7.4G   0.03258  0.007783  0.003675   0.04404         8       640     0.889    0.7722    0.8408    0.3834   0.05171   0.01163  0.005535
     32/99      7.4G   0.03344  0.007813  0.004082   0.04533         9       640    0.8525    0.8094    0.8317    0.3854   0.05164   0.01163  0.005806
     33/99      7.4G   0.03332  0.007732   0.00419   0.04524        18       640    0.8651    0.8054    0.8491       0.4   0.05344   0.01124  0.005467
     34/99      7.4G   0.03401  0.007676  0.003934   0.04562        15       640    0.8899    0.8039    0.8346    0.3852   0.05336   0.01126  0.004947
     35/99      7.4G    0.0328  0.007675  0.003563   0.04403        21       640    0.8577    0.8268     0.846    0.3756   0.05097   0.01175  0.005081
     36/99      7.4G   0.03367  0.007539  0.003807   0.04502        10       640    0.8783    0.8151    0.8396    0.3939   0.05164   0.01149  0.004575
     37/99      7.4G   0.03366  0.007623  0.003884   0.04516        11       640    0.8702    0.8453     0.868    0.4012   0.05163   0.01146  0.004478
     38/99      7.4G   0.03226  0.007644  0.003739   0.04365        13       640    0.9052    0.8211    0.8665    0.4001   0.05144   0.01153  0.004402
     39/99      7.4G   0.03242  0.007858  0.003839   0.04411        14       640    0.8896    0.8311    0.8657    0.4047   0.05208   0.01144  0.004473
     40/99      7.4G   0.03213  0.007523  0.003786   0.04344        11       640    0.8627    0.8126     0.841    0.3815   0.05225   0.01127  0.004721
     41/99      7.4G   0.03239  0.007525  0.003544   0.04346        13       640    0.8879    0.8173    0.8541     0.407   0.05293   0.01158  0.004686
     42/99      7.4G   0.03272  0.007807  0.003505   0.04403        10       640    0.9009    0.8342     0.862    0.4014   0.05206   0.01137  0.004353
     43/99      7.4G   0.03231  0.007642  0.003512   0.04346        12       640    0.8738    0.8439    0.8624     0.393   0.05156    0.0117  0.004358
     44/99      7.4G   0.03198  0.007601  0.003331   0.04291        18       640    0.8794    0.8436    0.8696    0.3966    0.0521   0.01136  0.004306
     45/99      7.4G   0.03252  0.007544  0.003428   0.04349        16       640    0.8998    0.8401    0.8738    0.4042    0.0523   0.01139  0.004589
     46/99      7.4G   0.03156  0.007648  0.003415   0.04262        14       640    0.8868    0.8518    0.8657     0.398   0.05224   0.01129  0.004605
     47/99      7.4G   0.03052  0.007248  0.003084   0.04085        10       640    0.8908    0.8419    0.8781    0.4048   0.05221   0.01136  0.004649
     48/99      7.4G   0.03141  0.007521  0.003344   0.04227        12       640    0.9109    0.8276    0.8703    0.4244   0.05208   0.01115  0.004641
     49/99      7.4G   0.03143  0.007589  0.003064   0.04208        22       640    0.8689    0.8431    0.8602    0.3974    0.0511   0.01147  0.004628
     50/99      7.4G    0.0299  0.007435  0.002928   0.04026         9       640    0.9084    0.8491    0.8766    0.4066   0.05111   0.01161  0.004739
     51/99      7.4G    0.0312  0.007406  0.002923   0.04153        13       640     0.887     0.841    0.8685    0.4009   0.05029   0.01168  0.004954
     52/99      7.4G     0.032   0.00739  0.003505   0.04289         5       640    0.8856     0.814     0.846     0.403   0.05016   0.01145  0.005306
     53/99      7.4G   0.03197  0.007485   0.00315   0.04261         9       640    0.8676    0.8458    0.8701    0.4184   0.05099   0.01129  0.004936
     54/99      7.4G   0.03144  0.007492  0.003097   0.04203         6       640    0.8867    0.8356    0.8612    0.4128   0.05151   0.01123  0.004776
     55/99      7.4G   0.03048  0.007423  0.002728   0.04063         6       640    0.8551    0.8493    0.8464    0.3972   0.04966   0.01163  0.004497
     56/99      7.4G   0.03083  0.007324  0.002771   0.04092        11       640    0.8861    0.8456    0.8697    0.4138   0.04943   0.01157  0.004807
     57/99      7.4G   0.03169  0.007526  0.002917   0.04214        16       640    0.8877     0.855    0.8767    0.4151   0.05069   0.01148  0.004973
     58/99      7.4G    0.0314  0.007358  0.003553   0.04231        16       640    0.8906    0.8528    0.8675    0.4026   0.05123   0.01144  0.004766
     59/99      7.4G   0.03153  0.007395  0.003295   0.04222        21       640      0.88    0.8583      0.86    0.3985   0.05108   0.01149  0.004886
     60/99      7.4G   0.03151  0.007381   0.00305   0.04194        17       640    0.8696    0.8642    0.8634    0.4019    0.0511   0.01159  0.004804
     61/99      7.4G   0.03152   0.00726  0.003099   0.04188        10       640    0.8916    0.8715    0.8866    0.4137   0.05093   0.01145  0.004868
     62/99      7.4G   0.03009  0.007173  0.002827   0.04009        11       640    0.9162    0.8458    0.8795    0.4092   0.05162   0.01136  0.005259
     63/99      7.4G   0.03141  0.007326  0.002901   0.04164        20       640    0.8625    0.8702    0.8773    0.4106   0.05206   0.01137   0.00534
     64/99      7.4G   0.03173  0.007249  0.003139   0.04211         7       640    0.8876    0.8493    0.8782    0.4097   0.05127   0.01145  0.005261
     65/99      7.4G   0.02937  0.007217  0.002534   0.03913        14       640    0.8491    0.8599    0.8606    0.4036   0.05177   0.01156  0.005106
     66/99      7.4G   0.02976  0.007217  0.002512   0.03949        12       640    0.8547    0.8529    0.8598    0.4045   0.05137   0.01147  0.005077
     67/99      7.4G    0.0299  0.007215  0.002529   0.03965        12       640    0.8817    0.8313    0.8644    0.4104   0.05177   0.01131  0.005196
     68/99      7.4G   0.03031  0.007013  0.002871   0.04019        11       640    0.8971    0.8298    0.8736    0.4173   0.05172   0.01144  0.004945
     69/99      7.4G   0.03098  0.007302  0.002843   0.04113        10       640    0.9121    0.8199    0.8782    0.4098   0.05098   0.01152  0.004868
     70/99      7.4G   0.02996  0.007255  0.002652   0.03987        12       640    0.8819    0.8586    0.8666    0.4107   0.05009   0.01181  0.004819
     71/99      7.4G   0.02997  0.007217  0.002719    0.0399        12       640    0.8888    0.8234    0.8536    0.4104   0.05112   0.01153  0.004874
     72/99      7.4G   0.03038  0.007056  0.002668    0.0401         8       640    0.8923    0.8572    0.8736    0.4232   0.05066   0.01159  0.005035
     73/99      7.4G   0.02993  0.007048  0.002547   0.03953         8       640    0.8822    0.8598    0.8696    0.4142   0.05079   0.01166  0.005158
     74/99      7.4G    0.0304  0.007235  0.002824   0.04046        18       640    0.8751    0.8636    0.8652    0.4095   0.05057   0.01166  0.005013
     75/99      7.4G   0.03104  0.007165  0.003015   0.04122        15       640    0.8812    0.8756    0.8726    0.4023   0.05073   0.01162   0.00509
     76/99      7.4G   0.03032  0.007157  0.002906   0.04038         7       640    0.8924    0.8654    0.8854    0.4217   0.05029    0.0116   0.00483
     77/99      7.4G    0.0293   0.00719  0.002515   0.03901         4       640     0.884    0.8659    0.8769    0.4067   0.05128   0.01176  0.004817
     78/99      7.4G    0.0295  0.007088  0.002426   0.03901         9       640    0.8726    0.8731     0.875    0.4229    0.0513   0.01162  0.004793
     79/99      7.4G   0.02891  0.007045  0.002718   0.03867        18       640    0.8839    0.8569    0.8624    0.4104   0.05089   0.01161  0.004899
     80/99      7.4G   0.03014  0.007104  0.002546   0.03979         8       640    0.8924    0.8603    0.8804    0.4153   0.05077   0.01173  0.004918
     81/99      7.4G   0.02976  0.007094   0.00258   0.03944         9       640    0.8951    0.8639    0.8887    0.4258    0.0508   0.01168  0.004879
     82/99      7.4G   0.02927  0.007069  0.002677   0.03902        10       640     0.896    0.8701    0.8851    0.4147   0.05096   0.01164  0.004879
     83/99      7.4G   0.02837  0.007012  0.002399   0.03778        15       640    0.8946    0.8487    0.8762    0.4186   0.05058   0.01162  0.004689
     84/99      7.4G   0.03007  0.007036  0.002683   0.03979         8       640    0.9001    0.8618    0.8925    0.4329   0.05055   0.01158   0.00469
     85/99      7.4G   0.02969   0.00702  0.002815   0.03952         5       640    0.9085    0.8578    0.8904    0.4278   0.05055   0.01175   0.00484
     86/99      7.4G   0.02864   0.00709  0.002459   0.03819         7       640    0.8818    0.8763    0.8871    0.4272   0.05057   0.01169  0.004864
     87/99      7.4G    0.0284  0.006969  0.002174   0.03755        12       640    0.9088    0.8675    0.8845     0.431   0.05019    0.0118  0.004806
     88/99      7.4G   0.02867  0.007083  0.002316   0.03807        29       640    0.8958    0.8759    0.8806    0.4221   0.05012   0.01173  0.004821
     89/99      7.4G   0.02995  0.007039  0.002463   0.03946        12       640    0.8753    0.8788    0.8659    0.4152   0.05032   0.01176  0.004851
     90/99      7.4G   0.02857  0.007059  0.002259   0.03788         7       640    0.8929    0.8693    0.8688    0.4237   0.05025   0.01169  0.004849
     91/99      7.4G    0.0306  0.007082  0.002466   0.04015         6       640    0.8998    0.8689    0.8834    0.4243   0.05052    0.0117  0.004917
     92/99      7.4G   0.02983  0.007208  0.002524   0.03957        21       640    0.9051    0.8537    0.8807     0.423   0.05021   0.01177  0.004604
     93/99      7.4G   0.02947  0.007021  0.002422   0.03891         8       640    0.8999    0.8719     0.887      0.43   0.05026   0.01172  0.004565
     94/99      7.4G   0.02826  0.006924  0.002336   0.03752        12       640    0.9011    0.8801    0.8871    0.4313   0.04991   0.01176  0.004527
     95/99      7.4G   0.02905  0.006988  0.002383   0.03842        18       640    0.9198    0.8523    0.8869    0.4242   0.05017   0.01184  0.004646
     96/99      7.4G   0.02983  0.006968  0.002597   0.03939        15       640    0.9129    0.8792    0.8915    0.4225   0.05042   0.01166  0.004571
     97/99      7.4G   0.02881  0.006805  0.002097   0.03771        14       640    0.9021    0.8631    0.8702    0.4281   0.05021   0.01171  0.004569
     98/99      7.4G   0.02805  0.006945  0.002486   0.03748        14       640     0.898    0.8623    0.8768     0.422   0.05022   0.01177  0.004564
     99/99      7.4G    0.0297  0.007032  0.002537   0.03927        14       640    0.8919    0.8865    0.8917    0.4238   0.05057   0.01169  0.004533
